0
250
0
0
0
0
0
0
0
0
0
0
0
0
0
0
0
0
250
0
50
150
0
0
0
0
0
0
0
0
0
0
0
0
0
0
0
50
0
0
150
0
0
0
0
0
0
0
150
0
0
0
0
0
0
150
0
0
50
50
0
0
0
0
0
0
0
0
0
0
0
0
0
0
150
50
0
0
0
0
0
100
200
150
0
0
0
0
0
0
0
0
0
50
0
0
100
150
150
100
0
0
0
0
0
0
0
0
0
0
0
0
0
100
0
150
50
0
0
0
0
0
0
0
0
0
0
0
0
0
0
150
150
0
0
0
0
0
0
0
0
0
0
0
0
0
0
0
0
150
50
0
0
200
0
0
0
0
0
0
0
0
0
0
0
0
100
100
0
0
200
0
150
0
0
0
0
0
250
0
0
0
0
0
200
0
0
0
0
150
0
100
0
200
150
0
150
0
0
0
0
0
150
0
0
0
0
0
100
0
0
0
0
0
0
0
0
0
150
0
0
0
0
0
0
0
0
0
0
0
0
0
0
0
0
0
0
0
0
0
0
0
0
0
200
0
0
0
150
0
200
0
0
0
0
0
0
0
0
0
0
0
150
0
0
150
0
100
150
0
0
0
0
0
0
0
0
0
0
0
0
0
0
0
100
0
0
0
0
0
0
0
0
0
0
0
0
250
150
0
0
200
150
0
0
50
0
0
0
0
0
0
0
0
0
0
0
0
0
0
0
0
50
0
